-4.05 -4.05 0.00
-4.05 -3.15 0.00
-4.05 -2.25 0.00
-4.05 -1.35 0.00
-4.05 -0.45 0.00
-4.05 0.45 0.00
-4.05 1.35 0.00
-4.05 2.25 0.00
-4.05 3.15 0.00
-4.05 4.05 0.00
-3.15 -4.05 0.00
-3.15 -3.15 0.00
-3.15 -2.25 0.00
-3.15 -1.35 0.00
-3.15 -0.45 0.00
-3.15 0.45 0.00
-3.15 1.35 0.00
-3.15 2.25 0.00
-3.15 3.15 0.00
-3.15 4.05 0.00
-2.25 -4.05 0.00
-2.25 -3.15 0.00
-2.25 -2.25 0.00
-2.25 -1.35 0.00
-2.25 -0.45 0.00
-2.25 0.45 0.00
-2.25 1.35 0.00
-2.25 2.25 0.00
-2.25 3.15 0.00
-2.25 4.05 0.00
-1.35 -4.05 0.00
-1.35 -3.15 0.00
-1.35 -2.25 0.00
-1.35 -1.35 0.00
-1.35 -0.45 0.00
-1.35 0.45 0.00
-1.35 1.35 0.00
-1.35 2.25 0.00
-1.35 3.15 0.00
-1.35 4.05 0.00
-0.45 -4.05 0.00
-0.45 -3.15 0.00
-0.45 -2.25 0.00
-0.45 -1.35 0.00
-0.45 -0.45 0.00
-0.45 0.45 0.00
-0.45 1.35 0.00
-0.45 2.25 0.00
-0.45 3.15 0.00
-0.45 4.05 0.00
0.45 -4.05 0.00
0.45 -3.15 0.00
0.45 -2.25 0.00
0.45 -1.35 0.00
0.45 -0.45 0.00
0.45 0.45 0.00
0.45 1.35 0.00
0.45 2.25 0.00
0.45 3.15 0.00
0.45 4.05 0.00
1.35 -4.05 0.00
1.35 -3.15 0.00
1.35 -2.25 0.00
1.35 -1.35 0.00
1.35 -0.45 0.00
1.35 0.45 0.00
1.35 1.35 0.00
1.35 2.25 0.00
1.35 3.15 0.00
1.35 4.05 0.00
2.25 -4.05 0.00
2.25 -3.15 0.00
2.25 -2.25 0.00
2.25 -1.35 0.00
2.25 -0.45 0.00
2.25 0.45 0.00
2.25 1.35 0.00
2.25 2.25 0.00
2.25 3.15 0.00
2.25 4.05 0.00
3.15 -4.05 0.00
3.15 -3.15 0.00
3.15 -2.25 0.00
3.15 -1.35 0.00
3.15 -0.45 0.00
3.15 0.45 0.00
3.15 1.35 0.00
3.15 2.25 0.00
3.15 3.15 0.00
3.15 4.05 0.00
4.05 -4.05 0.00
4.05 -3.15 0.00
4.05 -2.25 0.00
4.05 -1.35 0.00
4.05 -0.45 0.00
4.05 0.45 0.00
4.05 1.35 0.00
4.05 2.25 0.00
4.05 3.15 0.00
4.05 4.05 0.00
