1.20 1.20 0.00
1.20 -1.20 0.00
-1.20 1.20 0.00
-1.20 -1.20 0.00
1.20 0.50 0.00
1.20 -0.50 0.00
-1.20 0.50 0.00
-1.20 -0.50 0.00
1.20 2.20 0.00
1.20 -2.20 0.00
-1.20 2.20 0.00
-1.20 -2.20 0.00
0.50 1.20 0.00
0.50 -1.20 0.00
-0.50 1.20 0.00
-0.50 -1.20 0.00
0.50 0.50 0.00
0.50 -0.50 0.00
-0.50 0.50 0.00
-0.50 -0.50 0.00
0.50 2.20 0.00
0.50 -2.20 0.00
-0.50 2.20 0.00
-0.50 -2.20 0.00
2.20 1.20 0.00
2.20 -1.20 0.00
-2.20 1.20 0.00
-2.20 -1.20 0.00
2.20 0.50 0.00
2.20 -0.50 0.00
-2.20 0.50 0.00
-2.20 -0.50 0.00
2.20 2.20 0.00
2.20 -2.20 0.00
-2.20 2.20 0.00
-2.20 -2.20 0.00
